 0.9573854E-01 0.9637505E-01 0.9737554E-01 0.9865178E-01 0.1000876E+00
 0.1015461E+00 0.1028781E+00 0.1039314E+00 0.1045600E+00 0.1046325E+00
 0.1040407E+00 0.1027051E+00 0.1005796E+00 0.9765388E-01 0.9395339E-01
 0.8953735E-01 0.8449464E-01 0.7893809E-01 0.7299759E-01 0.6681252E-01
 0.6052399E-01 0.5426763E-01 0.4816718E-01 0.4232945E-01 0.3683680E-01
 0.3175875E-01 0.2713701E-01 0.2299221E-01 0.1932628E-01 0.1612558E-01
 0.1336526E-01 0.1101016E-01 0.9021023E-02 0.7356274E-02 0.5974382E-02
 0.4835575E-02 0.3903017E-02 0.3143512E-02 0.2527797E-02 0.2030557E-02
 0.1630237E-02 0.1308723E-02 0.1050962E-02 0.8445647E-03 0.6794123E-03
 0.5472939E-03 0.4415825E-03 0.3569527E-03 0.2891396E-03 0.2347365E-03
 0.1910277E-03 0.1558514E-03 0.1274881E-03 0.1045703E-03 0.8601102E-04
 0.7094557E-04 0.5868570E-04 0.4868307E-04 0.4050031E-04 0.3378806E-04
 0.2826679E-04 0.2371248E-04 0.1994523E-04 0.1682027E-04 0.1422087E-04
 0.1205265E-04 0.1023916E-04 0.8718309E-05 0.7439534E-05 0.6361558E-05
 0.5450598E-05 0.4678929E-05 0.4023736E-05 0.3466198E-05 0.2990741E-05
 0.2584449E-05 0.2236580E-05 0.1938175E-05 0.1681743E-05 0.1461009E-05
 0.1270697E-05 0.1106378E-05 0.9642955E-06 0.8412711E-06 0.7346097E-06
 0.6420214E-06 0.5615562E-06 0.4915503E-06 0.4305813E-06 0.3774308E-06
 0.3310538E-06 0.2905520E-06 0.2551520E-06 0.2241873E-06 0.1970825E-06
 0.1733400E-06 0.1525290E-06 0.1342764E-06 0.1182581E-06 0.1041930E-06
 0.9183621E-07 0.8097486E-07 0.7142339E-07 0.6301998E-07 0.5562343E-07
 0.4911040E-07 0.4337307E-07 0.3831713E-07 0.3386004E-07 0.2992949E-07
 0.2646212E-07 0.2340236E-07 0.2070145E-07 0.1831660E-07 0.1621021E-07
 0.1434926E-07 0.1270469E-07 0.1125098E-07 0.9965650E-08 0.8828919E-08
 0.7823369E-08 0.6933658E-08 0.6146266E-08 0.5449274E-08 0.4832174E-08
 0.4285695E-08 0.3801659E-08 0.3372846E-08 0.2992885E-08 0.2656148E-08
 0.2357662E-08 0.2093036E-08 0.1858388E-08 0.1650287E-08 0.1465699E-08
 0.1301940E-08 0.1156637E-08 0.1027690E-08 0.9132393E-09 0.8116410E-09
 0.7214381E-09 0.6413411E-09 0.5702075E-09 0.5070256E-09 0.4508987E-09
 0.4010323E-09 0.3567223E-09 0.3173445E-09 0.2823453E-09 0.2512340E-09
*** 13C neutron g.s. dens. (IPM), Rmin=0.1 fm, step=0.1 fm, Rmax=15.0 fm ***
