 0.9882851E-01 0.9910205E-01 0.9951457E-01 0.1000027E+00 0.1004833E+00
 0.1008588E+00 0.1010238E+00 0.1008719E+00 0.1003026E+00 0.9922816E-01
 0.9757923E-01 0.9530970E-01 0.9239984E-01 0.8885792E-01 0.8472004E-01
 0.8004815E-01 0.7492655E-01 0.6945711E-01 0.6375338E-01 0.5793435E-01
 0.5211805E-01 0.4641564E-01 0.4092629E-01 0.3573328E-01 0.3089725E-01
 0.2646900E-01 0.2247452E-01 0.1892213E-01 0.1580489E-01 0.1310354E-01
 0.1078956E-01 0.8828742E-02 0.7183506E-02 0.5815400E-02 0.4686906E-02
 0.3762753E-02 0.3010748E-02 0.2402228E-02 0.1912185E-02 0.1519176E-02
 0.1205086E-02 0.9547960E-03 0.7558209E-03 0.5979435E-03 0.4728639E-03
 0.3738819E-03 0.2956175E-03 0.2337689E-03 0.1849088E-03 0.1463144E-03
 0.1158275E-03 0.9174053E-04 0.7270415E-04 0.5765332E-04 0.4574787E-04
 0.3632531E-04 0.2886338E-04 0.2295033E-04 0.1826154E-04 0.1454095E-04
 0.1158656E-04 0.9238904E-05 0.7372031E-05 0.5886412E-05 0.4703338E-05
 0.3760526E-05 0.3008655E-05 0.2408637E-05 0.1929476E-05 0.1546573E-05
 0.1240388E-05 0.9953939E-06 0.7992370E-06 0.6420857E-06 0.5161083E-06
 0.4150614E-06 0.3339652E-06 0.2688442E-06 0.2165232E-06 0.1744685E-06
 0.1406477E-06 0.1134345E-06 0.9152712E-07 0.7388236E-07 0.5966410E-07
 0.4820167E-07 0.3895677E-07 0.3149715E-07 0.2547549E-07 0.2061261E-07
 0.1668393E-07 0.1350874E-07 0.1094155E-07 0.8865167E-08 0.7185142E-08
 0.5825335E-08 0.4724333E-08 0.3832578E-08 0.3110064E-08 0.2524485E-08
 0.2049738E-08 0.1664730E-08 0.1352403E-08 0.1098962E-08 0.8932474E-09
 0.7262236E-09 0.5905768E-09 0.4803831E-09 0.3908428E-09 0.3180663E-09
 0.2589001E-09 0.2107870E-09 0.1716527E-09 0.1398141E-09 0.1139050E-09
 0.9281634E-10 0.7564746E-10 0.6166672E-10 0.5027965E-10 0.4100314E-10
 0.3344444E-10 0.2728419E-10 0.2226267E-10 0.1816858E-10 0.1483000E-10
 0.1210699E-10 0.9885633E-11 0.8073190E-11 0.6594120E-11 0.5386892E-11
 0.4401372E-11 0.3596708E-11 0.2939600E-11 0.2402901E-11 0.1964478E-11
 0.1606277E-11 0.1313574E-11 0.1074356E-11 0.8788205E-12 0.7189662E-12
 0.5882634E-12 0.4813804E-12 0.3939639E-12 0.3224584E-12 0.2639600E-12
 0.2160962E-12 0.1769284E-12 0.1448727E-12 0.1186342E-12 0.9715459E-13
*** 13C proton g.s. dens. (IPM), Rmin=0.1 fm, step=0.1 fm, Rmax=15.0 fm ***
