p+13C, 0.511 MeV, Fermi dens, CD6
    1    3    0    0    0    0                    !10I5
0.511   6.      13.     0.0     0.0               !10F8.5
0.1     15.0    0.1     15.                       !10F8.5
      0.25 11466.000 13967.000 -1418.000 11345.000 -5101.000 -1897.000
      0.40 -3556.000 -4594.000   950.000 -1900.000  -337.000  -632.000
     1.414   -10.463   -10.463    31.389     3.488      0.00      0.00
      0.25        0.        0.        0.        0.        0.        0.
      0.40        0.        0.        0.        0.        0.        0.
     1.414        0.        0.        0.        0.        0.        0.
        1.        0.        0.        0.        1.        0.        0.        0.
        1.        0.        0.        0.        1.        0.        0.        0.
/////
